M8.2372502,4.1736908 C 7.2829611,4.1092707 6.6972739,5.3531916 7.2831163,6.0739828
7.7987842,6.8488744 9.0851433,6.6585922 9.3999077,5.801502 9.7520593,5.0237871
9.0499216,4.1483664 8.2372502,4.1736908 Z m 8.2055388,0.5294557 c -0.98353,-0.076901
-1.619187,1.2376153 -0.956945,1.964093 0.556508,0.7434312 1.844366,0.5162333
2.110104,-0.3747658 0.28544,-0.753314 -0.380353,-1.5784191 -1.153159,-1.5893272 z
M 10.3945,5.0267597 C 9.4205644,5.1186061 9.6506977,6.6901702 8.5780652,6.7415619
7.8566701,6.753156 6.6611661,6.4514088 6.5863973,7.5449312 6.4978559,9.0008321
7.6708315,10.19878 8.9002055,10.78363 9.6862424,11.110449 10.574426,11.202524
11.410998,11.095972 11.167841,10.643141 10.194003,10.604432 9.729427,10.194996
9.0710407,9.780962 8.1607455,9.2365649 8.3241118,8.3227545 8.6489283,7.3074545
9.9298523,7.798795 10.580719,7.6844999 10.701526,7.0644184 10.88888,6.4416597
11.301995,5.9460361 11.763595,5.4058692 10.768538,5.0983347 10.3945,5.0267597 Z
m 3.582787,0.046596 c -0.954336,0.080362 -1.579715,0.9613372 -2.002641,1.7348615
-0.642238,1.2931237 -0.541959,2.8987748 0.18713,4.1344676 0.263057,-0.345565
-0.0224,-1.264093 0.193621,-1.8187138 0.133803,-0.7913527 0.342939,-1.8081068
1.19261,-2.1147089 0.944427,-0.1506825 1.304558,1.029722 1.323997,1.773663
0.616985,0.2451715 1.485571,-0.1362153 2.156054,0.2490592 0.66357,0.020365
0.662217,-1.5626884 -0.0425,-1.6778216 -0.937648,0.1435412 -1.964937,-0.3705323
-1.9809,-1.4258304 0.03691,-0.5789582 -0.496154,-0.9235473 -1.027369,-0.8549766 z m
2.012853,4.8895284 c -1.134773,-0.015356 -2.28782,0.4418557 -3.074581,1.2615787
0.39498,0.160447 1.207221,-0.313389 1.788001,-0.235977 0.79324,-0.07169
1.816721,-0.08756 2.307484,0.65775 0.365099,0.860171 -0.655292,1.497375
-1.365188,1.682651 -0.06907,0.664837 0.476976,1.409774 0.281302,2.152319
0.08397,0.656482 1.661246,0.294071 1.585909,-0.422592 -0.315921,-0.86747
-0.09974,-1.984861 0.899517,-2.270823 0.874427,-0.18866 0.679168,-1.308119
0.190327,-1.792058 C 17.912527,10.337003 16.93878,9.9828661 15.99014,9.9628843 Z m
-9.2854438,0.01536 c -0.8039294,0.1221727 -1.430975,1.1521607 -0.6349374,1.7276437
0.5943952,0.496894 0.7014829,1.437459 0.1841159,2.028672 -0.6221809,0.532695
-0.1299819,1.470051 0.5386725,1.673082 1.6182118,0.393916 3.4394068,-0.328103
4.3106248,-1.761611 0.243627,-0.390532 0.762497,-1.172003 0.540875,-1.461584 C
10.755213,12.971236 9.8677956,13.986665 8.6179094,14.16443 7.530541,14.346881
7.3614352,12.914026 7.9300222,12.264601 8.8089932,11.50832 7.2282692,11.173421
7.0387554,10.456 6.9083954,10.319842 6.929757,10.000233 6.7046962,9.9782443 Z M
5.2003045,11.61884 C 4.1923306,11.58739 3.5730785,12.997805 4.350244,13.683749
4.9609379,14.373571 6.2002881,14.007493 6.3786955,13.114171 6.6674697,12.350915
5.9719727,11.579713 5.2003045,11.61884 Z m 7.4896985,0.352288 c 0.0268,0.481842
0.689052,1.142694 0.825781,1.760265 0.270153,0.726645 0.575051,1.749166
-0.100439,2.344911 -0.817597,0.501669 -1.533921,-0.427152 -2.039918,-0.922758
-0.641006,0.356247 -1.251997,0.930325 -2.0482357,0.944008 -0.315476,0.508602
0.3854494,1.717052 1.1034787,1.314876 0.739957,-0.640801 1.91875,-0.510034
2.402706,0.376054 0.523696,0.682531 1.476972,0.07366 1.764367,-0.531151
0.790456,-1.72325 0.120284,-3.883607 -1.400703,-4.972547 -0.163382,-0.108591
-0.319196,-0.252993 -0.507037,-0.313658 z m 6.142505,1.041502 c -0.89718,-0.06463
-1.57321,0.98726 -1.122879,1.77091 0.405164,0.89188 1.836686,0.834317
2.180143,-0.07833 0.355278,-0.761404 -0.18829,-1.718083 -1.057264,-1.692578 z m
-7.257229,4.382604 c -1.045075,-0.03497 -1.539458,1.422182 -0.809443,2.106967
0.610531,0.617978 1.77254,0.313332 1.989091,-0.5323 0.252297,-0.748324
-0.41253,-1.573476 -1.179648,-1.574667 z
