M13.77338,11.602442 m -1.211177,-1.209956 0.08616,-0.08665 1.219733,1.206288
z M 9.4957599,13.924579 V 12.00576 l -1.3810598,1.38106 c 0.1491058,0.10352
0.2884338,0.188214 0.4204288,0.25788 0.131995,0.0693 0.255435,0.122217
0.370319,0.163772 0.115008,0.04082 0.221214,0.06869 0.320211,0.08677 0.09826,0.01797
0.188215,0.02603 0.270101,0.02713 m 7.0641841,-0.158883 c 0.0025,0.0022
0.01589,0.01345 0.0407,0.02921 0.02493,0.0159 0.06135,0.0363 0.109751,0.05646
0.04828,0.02004 0.108651,0.03997 0.180882,0.05475 0.07284,0.01492 0.157661,0.02469
0.256658,0.02469 0.08201,0 0.172326,-0.0072 0.271323,-0.02444 0.09924,-0.01736
0.206548,-0.04485 0.322654,-0.08543 0.116474,-0.0407 0.241992,-0.09447
0.375209,-0.16377 0.133217,-0.06991 0.276212,-0.156438 0.427762,-0.261547 L
17.497476,12.366792 14.026493,8.8835892 12.498772,10.41131 10.445514,8.2969433
5.2879253,13.393422 c 0.1515502,0.105108 0.2933229,0.190661 0.4265405,0.261547
0.1332169,0.06978 0.2591006,0.123438 0.3752079,0.16377 0.1162293,0.04058
0.2236583,0.06808 0.3226546,0.08531 0.098996,0.01736 0.1894377,0.02456
0.2713237,0.02456 0.098263,0 0.1833271,-0.0098 0.2566576,-0.02469 0.072842,-0.01479
0.1332168,-0.03471 0.1808822,-0.05487 0.048404,-0.02004 0.084697,-0.04045
0.1096287,-0.05635 0.024935,-0.01588 0.038372,-0.02726 0.040821,-0.02934 l
2.3343574,-2.334357 0.8323031,-0.798083 2.309915,2.309916 0.805415,0.828636
c 0.0025,0.0022 0.01589,0.01345 0.04082,0.02921 0.02493,0.0159 0.06123,0.0363
0.109628,0.05646 0.0484,0.02004 0.108774,0.03997 0.180883,0.05476 0.07284,0.01491
0.158882,0.02468 0.256657,0.02468 0.08189,0 0.172327,-0.0072 0.271324,-0.02444
0.09912,-0.01736 0.206547,-0.04485 0.322654,-0.08543 0.116351,-0.0407
0.241991,-0.09448 0.375209,-0.163772 0.133217,-0.06991 0.276211,-0.156439
0.427761,-0.261545 l -1.845487,-1.808823 0.344654,-0.344655 1.601052,1.601053
0.933743,0.925188 M 16.55261,4.1169567 21.099109,12 16.55261,19.883043 H 7.4473913
L 2.9008911,12.000016 7.4473913,4.1169732 Z

