M7.8780595,21.559617 c -3.019,-0.568004 -4.90545,-1.709828 -5.60975,-3.395451
-0.39596,-0.94766 -0.34896,-2.790954 0.10959,-4.298501 0.81674,-2.685176
3.91848,-7.9623516 5.74924,-9.7815576 2.9318205,-2.9132971 6.0331305,-2.4700361
8.8805505,1.269269 1.67381,2.198083 3.87702,6.2403896 4.59467,8.4299806
0.52842,1.612233 0.53034,3.541118 0.005,4.627119 -0.74577,1.540563 -2.69936,2.660739
-5.47927,3.141789 -2.02365,0.350184 -6.4067005,0.35409 -8.2496505,0.0073 z
M 13.46862,18.4669 c 1.05351,-2.632989 1.48948,-6.195547 1.06487,-8.7017453
-0.23332,-1.3771463 -0.5691,-2.5820613 -0.68675,-2.4644033 -0.0391,0.03911
-0.28072,0.877862 -0.53691,1.863901 -0.83893,3.2288526 -2.20045,6.2156026
-3.6824305,8.0780796 -0.40227,0.505559 -0.70106,1.010422 -0.66397,1.121918
0.1273,0.382693 1.7149405,0.836797 2.9612805,0.847003 l 1.24185,0.01017 z m
4.62273,-5.088064 c 0.0104,-1.399978 -0.12491,-2.016828 -0.68705,-3.132352
-0.39951,-0.7928046 -1.93457,-2.4722326 -1.70913,-1.8698616 0.77397,2.0679446
1.30594,4.1274436 1.48879,5.7637196 l 0.21957,1.964893 0.33957,-0.778702 c
0.20369,-0.467095 0.34304,-1.246487 0.34825,-1.947697 z M 7.4803395,13.727655
c 1.29133,-0.923706 2.9401005,-2.598827 3.7945005,-3.8551433 1.07988,-1.5878673
1.65519,-2.9917803 1.22599,-2.9917803 -0.08,0 -0.73208,0.4268 -1.44915,0.948443
-0.71707,0.521642 -2.0364805,1.320076 -2.9320305,1.7742983 l -1.62827,0.8258573
-0.28834,0.970941 c -0.15858,0.534016 -0.28719,1.271205 -0.28578,1.638198
0.003,0.723051 0.17083,1.508698 0.32273,1.508698 0.0521,0 0.61024,-0.36878
1.24035,-0.819512 z

