M3.4999997,20.157852 c 0,-0.05618 8.1467593,-15.5532276 8.4198643,-16.0165798
l 0.188675,-0.32011 0.206065,0.3615815 c 0.113339,0.1988576 0.943934,1.7799175
1.845768,3.5134335 0.901823,1.7335331 2.720357,5.2188918 4.041164,7.7452348
1.8534,3.545037 2.375929,4.609561 2.289509,4.664326 -0.06163,0.03903 -0.80376,0.07147
-1.649264,0.07225 l -1.537301,8.5e-4 -0.453356,-0.459697 C 15.71373,18.565827
13.72575,17.520225 11.504078,16.906771 l -0.995325,-0.274831 1.244154,-0.06239 c
1.168784,-0.05865 2.48727,-0.01911 3.208138,0.09618 0.240941,0.03849 0.316982,0.02278
0.316982,-0.06579 0,-0.218773 -3.049859,-5.793712 -3.169548,-5.793712 -0.08722,0
-0.702916,1.073202 -3.0929895,5.391346 -1.1741222,2.12129 -2.141244,3.86476
-2.149166,3.874365 -0.03536,0.04293 -3.3663238,0.1276 -3.3663238,0.08555 z
