M5.2939529,18.815249 C 3.9425102,18.520401 3.107732,17.201059 2.6693111,15.980341
2.5575284,15.756316 2.2900775,14.167221 2.670212,14.99661 3.1516129,16.032862
4.1924756,16.950862 5.4066838,16.752825 7.1890892,16.419061 8.3573099,14.589657
8.4360618,12.86068 8.5382527,12.262613 8.3486888,10.849987 7.5125338,11.65791
6.4250474,12.61636 5.6124074,13.949741 4.2506611,14.554112 3.2719302,14.905661
2.5039293,13.928237 2.2461611,13.095158 1.7837284,11.796699 2.0533256,10.363201
2.3970347,9.067764 2.5368538,8.6538922 2.8308529,7.8474449 3.0619647,7.7507776
2.8386811,9.0140631 2.9067456,10.387409 3.4582811,11.558073 c 0.3848427,0.808814
1.3749027,0.423441 1.7533609,-0.175343 0.5567827,-0.637367 1.3500163,-1.231538
2.2464245,-0.997655 1.3616516,0.31094 2.5969345,1.383402 2.7748585,2.818864
0.191716,1.494509 -0.4157666,3.031628 -1.3874623,4.156359 -0.8841162,1.005124
-2.1911198,1.664891 -3.5514616,1.454951 z M 20.917936,16.288042 c 0.234224,-1.172779
0.161755,-2.425663 -0.241516,-3.555935 -0.271267,-1.12744 -1.487625,-0.694961
-2.021937,0.02008 -0.555778,0.647437 -1.438006,1.123823 -2.297062,0.805453
-1.14797,-0.315369 -2.18753,-1.153063 -2.498998,-2.338928 -0.439851,-1.7476009
0.330584,-3.6335845 1.57549,-4.8694827 0.94122,-0.94686 2.392505,-1.4947264
3.69524,-1.0420964 1.249124,0.5805955 2.037643,1.9006537 2.319629,3.2103509
0.0855,0.3756973 0.08811,1.1417811 -0.189363,0.3543046 -0.489702,-0.9653409
-1.486872,-1.79632 -2.62884,-1.6349937 -1.78653,0.3049146 -2.937485,2.1062218
-3.075205,3.8205223 -0.08359,0.602485 0.07182,2.111889 0.938413,1.266386
1.093106,-0.953657 1.908207,-2.290912 3.269086,-2.8924865 0.876644,-0.2865781
1.621214,0.4655057 1.882661,1.2311145 0.615729,1.345559 0.315193,2.881702
-0.04418,4.25497 -0.162397,0.461337 -0.341429,1.069288 -0.683413,1.370743 z M
14.975538,14.81967 c -1.777041,-0.07236 -3.592359,-1.033361 -4.331934,-2.705767
-0.406393,-0.67176 -0.337166,-1.764393 0.527162,-2.024072 0.795591,-0.3198241
1.925349,0.231962 1.827458,1.182492 -0.02468,1.469635 1.159485,2.521523
2.167667,3.420055 0.394162,0.285238 -0.123694,0.08355 -0.190353,0.127292 z M
10.501884,9.6383096 C 9.7194284,9.5455187 9.0142581,8.6604831 9.5357957,7.9272031
10.159349,6.8971904 11.929025,6.6546049 12.611993,7.7380458 c 0.398496,0.7864127
-0.3907,1.6016491 -1.117481,1.8070747 -0.309833,0.1264937 -0.664968,0.0909
-0.992628,0.093189 z

