M21.5,11.999999 A 9.5000005,9.5000005 0 0 1 11.999999,21.500001
9.5000005,9.5000005 0 0 1 2.4999996,11.999999 9.5000005,9.5000005 0 0 1
11.999999,2.4999994 9.5000005,9.5000005 0 0 1 21.5,11.999999 Z m -10.456152,0.940578
1.36724,-6e-6 h 0.09447 v 0.0053 a 0.96170739,1.0177292 0 0 1 0.868629,1.012964
0.96170739,1.0177292 0 0 1 -0.868633,1.012971 v 0.0053 h -0.09446 -1.367238
z m 0,-3.7696293 1.36724,-6e-6 h 0.09447 v 0.0053 a 0.96170739,1.0177292 0 0
1 0.868629,1.0129623 0.96170739,1.0177292 0 0 1 -0.868633,1.012972 v 0.0053 h
-0.09446 -1.367238 z M 9.3038354,7.6056097 v 3.9547533 1.165169 3.954754 h 3.5479946
0.02362 a 2.4192447,2.5601715 0 0 0 2.395944,-2.558648 2.4192447,2.5601715 0 0 0
-0.886998,-1.97869 2.4192447,2.5601715 0 0 0 0.886998,-1.976065 2.4192447,2.5601715
0 0 0 -2.395944,-2.5612734 h -0.02362 z
