M12.019531 0.8046875 A 10.934673 10.934673 0 0 0 4.3554688 3.9414062 L 4.8515625
4.4394531 L 4.8535156 4.4394531 A 10.231155 10.231155 0 0 1 12.019531 1.5078125 A
10.231155 10.231155 0 0 1 22.251953 11.738281 A 10.231155 10.231155 0 0 1 19.689453
18.511719 L 20.1875 19.009766 A 10.934673 10.934673 0 0 0 22.955078 11.738281 A
10.934673 10.934673 0 0 0 12.019531 0.8046875 z M 1.0996094 1.1035156 C 1.0582815
1.1105467 1.0249357 1.1589734 1 1.2617188 C 1.4502371 2.4193599 2.2289837 3.4271802
2.9394531 4.4394531 C 3.5220581 5.2054181 4.5373209 5.8368434 4.5175781 6.9101562
C 4.0960819 8.1665441 4.716824 9.4275149 5.0058594 10.642578 C 5.482314 11.577155
5.5618521 12.630752 5.9960938 13.582031 C 6.5562733 14.683292 7.0491899 15.982257
8.1757812 16.621094 C 9.2646211 17.356395 10.708415 17.645184 11.917969 17.023438
C 12.970263 16.692894 13.935711 15.310511 15.107422 16.023438 C 17.582181 18.14084
19.78982 20.552865 22.259766 22.675781 C 22.563531 22.959487 23.335706 23.058267
22.833984 22.425781 C 21.02475 20.623075 18.972811 19.069316 17.246094 17.177734 C
16.667392 16.378378 15.627373 15.733934 15.519531 14.707031 C 15.670584 13.593761
16.848594 13.193201 17.203125 12.205078 C 17.860538 11.055162 17.238052 9.7394305
16.519531 8.7871094 C 15.773994 8.1235709 15.102945 7.3392041 14.244141 6.8144531 C
13.274271 6.5940365 12.235448 6.3857501 11.285156 5.9628906 C 10.411384 5.2918261
9.2828869 5.3389688 8.2519531 5.1425781 C 7.1120085 4.8513413 5.9741057 5.4099001
4.8417969 5.2285156 C 3.7422388 4.6313754 2.9735667 3.5653229 2.1699219 2.6289062 C
1.8132888 2.3862413 1.3367011 1.0631796 1.0996094 1.1035156 z M 3.1191406 5.390625 A
10.934673 10.934673 0 0 0 1.0859375 11.738281 A 10.934673 10.934673 0 0 0 12.019531
22.673828 A 10.934673 10.934673 0 0 0 18.806641 20.314453 L 18.304688 19.8125 A
10.231155 10.231155 0 0 1 12.019531 21.970703 A 10.231155 10.231155 0 0 1 1.7890625
11.738281 A 10.231155 10.231155 0 0 1 3.6230469 5.8945312 L 3.1191406 5.390625 z
