M12.392572,21.474856 c -0.05126,-0.06178 -0.0199,-0.238274 0.149797,-0.84288
1.211227,-4.315476 1.115399,-7.684364 -0.277141,-9.743062 -0.245289,-0.362631
-0.745181,-0.9312188 -0.88405,-1.0055398 -0.103771,-0.05554 -0.15051,-0.02377
-0.461952,0.3139708 -1.5465218,1.677076 -1.5904003,3.068113 -1.6358929,4.511315
-0.029401,0.933207 -0.046569,1.090191 -0.1207342,1.104375 -0.06258,0.01197
-0.1472207,-0.123148 -0.3064537,-0.489182 C 8.4991304,14.503171 8.2849282,13.751408
8.0995195,12.668407 7.9673881,11.896607 7.9667118,10.25372 8.0982715,9.4846292
8.5848316,6.6388712 9.9477787,4.4321196 12.223555,2.8053461 c 0.49761,-0.3557031
0.678064,-0.4033579 0.622817,-0.1644766 -0.299687,1.5009718 0.432773,2.6750635
1.164664,3.9321006 0.99641,1.6843448 1.327669,2.4074091 1.633124,3.5647419
0.305656,1.158091 0.414049,2.314399 0.326514,3.483106 -0.125927,1.681245
-0.485923,2.996298 -1.251472,4.571577 -0.524985,1.080271 -1.352819,2.341565
-2.049425,3.122521 -0.177991,0.199544 -0.222853,0.225429 -0.277205,0.15994 z
