M6.7039591,4.4388534 l -4.2779143,7.3964826 4.468813,7.725811 h 9.2619302
l 2.339904,-4.04571 H 8.960693 L 6.8948578,11.944182 8.9322256,8.4226054 H
13.820792 L 16.102644,4.4768097 Z M 18.410731,5.6640651 A 0.60137862,0.60027397
0 0 0 18.040098,5.791889 0.60137862,0.60027397 0 0 0 17.801195,6.2702517
0.60137862,0.60027397 0 0 0 18.402916,6.8708565 0.60137862,0.60027397 0
0 0 18.77355,6.7424746 0.60137862,0.60027397 0 0 0 19.011894,6.2641116
0.60137862,0.60027397 0 0 0 18.410731,5.6640651 Z m -1.61594,3.4819454
a 1.1679069,1.1657616 0 0 0 -1.167718,1.1660445 1.1679069,1.1657616 0 0 0
1.167718,1.165487 1.1679069,1.1657616 0 0 0 1.168277,-1.165487 1.1679069,1.1657616
0 0 0 -1.168277,-1.1660445 z m 3.240811,3.2123435 a 1.5384001,1.5355742 0 0 0
-1.538353,1.535561 1.5384001,1.5355742 0 0 0 1.538353,1.535561 1.5384001,1.5355742
0 0 0 1.538353,-1.535561 1.5384001,1.5355742 0 0 0 -1.538353,-1.535561 z
