M3.0001439,16.886845 V 12.773489 H 4.457051 c 1.0281996,0 1.4640081,0.01143
1.4810182,0.03897 0.01323,0.02151 0.05247,0.185581 0.08721,0.364808
0.4268175,2.203909 2.1330074,4.067636 4.2789118,4.674292 0.241264,0.06822
0.832944,0.195454 0.908842,0.195454 0.0072,0 0.01368,0.664454 0.01368,1.476572
v 1.476572 H 2.9999999 Z m 9.7734311,2.636758 c 0,-0.812118 0.0072,-1.476581
0.01575,-1.476581 0.0081,0 0.184618,-0.03258 0.390934,-0.07245 1.460922,-0.281926
2.792053,-1.129198 3.726634,-2.371895 0.311087,-0.413632 0.73092,-1.2253
0.878224,-1.697856 l 0.100557,-0.322705 H 21 v 7.418006 H 12.773278 Z M
11.543118,16.653799 C 10.424648,16.511769 9.5289381,16.091828 8.762954,15.350504
8.0663426,14.676204 7.6265741,13.884957 7.4244693,12.94215 7.313319,12.423667
7.31394,11.573353 7.4253693,11.050667 7.625557,10.115681 8.0830556,9.2991896
8.7803061,8.6326473 9.493892,7.9504449 10.387541,7.5089303 11.295212,7.3900759
c 0.165024,-0.0216 0.319825,-0.04482 0.34399,-0.05148 0.03456,-0.00945
0.04392,-0.4748866 0.04392,-2.1755145 V 2.9998426 h 1.757841 V 9.117101 h
-0.821585 c -0.579539,0 -0.912424,0.01593 -1.129954,0.05382 -1.344731,0.2344869
-2.3727057,1.460219 -2.3727057,2.829114 0,0.310745 0.096139,0.791004
0.2158572,1.078654 0.8022355,1.927042 3.2895565,2.410965 4.7276805,0.919614
0.261333,-0.271036 0.406036,-0.482275 0.557813,-0.814376 0.216846,-0.474527
0.238068,-0.613056 0.255366,-1.667301 l 0.01566,-0.958017 h 6.110608 v 1.757832
h -2.16323 c -1.700601,0 -2.165839,0.0094 -2.175505,0.04392 -0.0063,0.02412
-0.02988,0.178965 -0.05157,0.344008 -0.176517,1.348187 -1.072812,2.651256
-2.308454,3.356022 -0.389674,0.222273 -0.916464,0.42112 -1.352155,0.510391
-0.357779,0.07326 -1.125742,0.118648 -1.406255,0.08298 z M 3.0001439,7.113244
V 2.9998876 h 7.4180151 v 3.1173499 l -0.207478,0.05769 C 9.6852237,6.3210162
8.8893955,6.7256036 8.3855737,7.1027769 7.1353073,8.0387892 6.2859834,9.3967229
6.0076394,10.905137 c -0.02988,0.161658 -0.05436,0.300097 -0.05436,0.30763 0,0.0072
-0.6644543,0.01368 -1.4765721,0.01368 H 3.0001259 Z

