M12.0013,14.058946 A 2.0589464,2.0589464 0 0 1 9.9423534,12 2.0589464,2.0589464 0 0
1 12.0013,9.941054 2.0589464,2.0589464 0 0 1 14.060247,12 2.0589464,2.0589464 0 0
1 12.0013,14.058946 m 4.370849,-1.488324 c 0.02353,-0.188246 0.04118,-0.376493
0.04118,-0.570622 0,-0.194129 -0.01765,-0.388259 -0.04118,-0.588271 l
1.241251,-0.95888 c 0.111771,-0.08824 0.141185,-0.247074 0.07059,-0.376493 L
16.507449,8.04094 C 16.436859,7.911521 16.278024,7.858576 16.148605,7.911521 l
-1.464794,0.58827 C 14.377911,8.270366 14.060245,8.070354 13.689634,7.923286 L
13.471974,6.364369 C 13.448444,6.223185 13.324908,6.117296 13.177841,6.117296 h
-2.353082 c -0.147068,0 -0.270604,0.105889 -0.294135,0.247073 l -0.21766,1.558917
C 9.9423534,8.070354 9.6246874,8.270366 9.3187868,8.499791 L 7.8539935,7.911521
c -0.1294195,-0.05294 -0.2882525,0 -0.358845,0.129419 l -1.1765408,2.035416 c
-0.076475,0.129419 -0.041179,0.288252 0.070592,0.376493 l 1.2412505,0.95888 C
7.6069192,11.611741 7.5892712,11.805871 7.5892712,12 c 0,0.194129 0.017648,0.382376
0.041179,0.570622 l -1.2412505,0.976529 c -0.1117714,0.08824 -0.1470676,0.247074
-0.070592,0.376493 l 1.1765408,2.035416 c 0.070593,0.129419 0.2294255,0.176481
0.358845,0.129419 l 1.4647933,-0.594153 c 0.3059006,0.235308 0.6235666,0.43532
0.9941772,0.582388 l 0.21766,1.558916 c 0.02353,0.141185 0.147067,0.247074
0.294135,0.247074 h 2.353082 c 0.147067,0 0.270604,-0.105889 0.294135,-0.247074
l 0.21766,-1.558916 c 0.370611,-0.152951 0.688277,-0.34708 0.994177,-0.582388
l 1.464793,0.594153 c 0.12942,0.04706 0.288253,0 0.358845,-0.129419 l
1.176541,-2.035416 c 0.07059,-0.129419 0.04118,-0.288252 -0.07059,-0.376493 z

