M15.420114,2.8339953 c -1.437016,-0.510064 -2.909284,-0.64781 -4.337847,-0.518517
-1.65641,0.12718 -2.4650188,0.626293 -2.4171828,0.535999 -2.708621,0.94088
-4.998624,2.964709 -6.059287,5.803103 C 0.71712021,13.709397 3.3921212,19.29935
8.5794012,21.139709 13.768699,22.980165 19.505234,20.373749 21.393911,15.319028
23.283163,10.26421 20.608163,4.6750273 15.420114,2.8339953 Z M 8.920884,20.225725
C 8.3679792,20.029096 7.8514802,19.778867 7.3650462,19.493193 c 2.4171828,0.180684
5.5715088,-0.361367 7.6986958,-2.29836 0,0 4.055054,-3.152597 1.121467,-8.3261417
0,0 0.47289,2.0850177 -0.129965,3.8003107 0,0 -0.574998,2.332365 -3.130792,3.010048
-3.764385,0.998034 -8.0537228,-1.565732 -9.8467258,-2.807752 -0.134961,-1.276792
-0.01499,-2.595945 0.465877,-3.8831107 0.712744,-1.907024 2.052742,-3.395046
3.690037,-4.394425 -0.409204,2.786235 -0.08568,5.351442 0.379426,6.4259377
0.624179,1.440858 1.7091448,3.121282 3.8256688,3.336739 2.116429,0.216128
3.283619,-1.711067 3.283619,-1.711067 1.085735,-1.6055 1.255756,-3.9107757
1.23933,-3.9663937 -0.01652,-0.05629 -0.289324,-0.208444 -0.289324,-0.208444
-0.730707,2.8772007 -1.935744,3.8384457 -1.935744,3.8384457 -1.900012,1.784742
-3.245773,0.546949 -3.245773,0.546949 -1.446429,-1.511652 -0.433602,-3.9685057
-0.433602,-3.9685057 0.566449,-1.673509 2.217288,-4.122775 4.087906,-5.368156
0.311513,0.07502 0.625044,0.121608 0.932907,0.230729 1.13213,0.401711
2.123633,1.007063 2.962212,1.750738 -1.367855,0.485761 -3.576497,1.512901
-3.576497,1.512901 -3.500805,1.434614 -3.737202,3.6043537 -3.737202,3.6043537
-0.362135,2.236596 1.461415,1.290048 1.461415,1.290048 1.877245,-0.889682
2.799394,-3.6620837 2.799394,-3.6620837 -0.585756,-0.108449 -1.047215,0.06465
-1.047215,0.06465 -0.749246,1.7993427 -2.2779,2.5395597 -2.2779,2.5395597
-0.601318,0.309977 -0.74137,-0.237741 -0.74137,-0.237741 -0.101436,-0.409972
0.434947,-0.480286 0.434947,-0.480286 0.832816,-0.3147797 1.365741,-1.1661347
1.486485,-1.5143417 0.120072,-0.34888 0.343597,-0.375968 0.343597,-0.375968
1.141447,-0.354451 2.182131,-0.433698 2.182131,-0.433698 1.417132,-0.169637
3.586487,0.487971 3.586487,0.487971 0.486434,0.190385 0.952888,0.332838
1.367182,0.446762 0.794969,1.9328617 0.920708,4.1339167 0.132847,6.2439087
-1.698579,4.548884 -6.862998,6.895177 -11.533779,5.238959 z

