M12,3.34138 c -4.78203,0 -8.65862,3.87659 -8.65862,8.65862 0,4.78202 3.87659,8.65862
8.65862,8.65862 4.78202,0 8.65862,-3.8766 8.65862,-8.65862 0,-4.78203
-3.8766,-8.65862 -8.65862,-8.65862 z m 0,0.72154 c 3.63568,0 6.70045,2.44458
7.64033,5.77964 -0.80953,1.66973 -1.96143,3.17309 -3.36424,4.38793 -0.67389,0.5836
-1.40965,1.10385 -2.22237,1.47016 -0.81273,0.36632 -1.70668,0.57417 -2.59669,0.52314
-0.66868,-0.0384 -1.32923,-0.22462 -1.91481,-0.54929 1.5519,-0.84093
2.95218,-1.96214 4.09841,-3.30471 0.75235,-0.88124 1.41063,-1.88272 1.66407,-3.01338
C 15.43144,8.79109 15.45291,8.19903 15.3345,7.63189 15.21605,7.06479
14.95384,6.52433 14.55702,6.10222 14.16935,5.68983 13.66044,5.39771 13.11482,5.24717
12.56921,5.09665 11.98858,5.08499 11.4318,5.18677 10.31824,5.39026 9.32405,6.03744
8.52666,6.84092 7.12112,8.25716 6.25221,10.25551 6.4116,12.24444 c 0.0797,0.99446
0.41296,1.97164 0.98402,2.7897 0.12747,0.18259 0.2676,0.35651 0.4176,0.52132
-0.83192,0.29115 -1.6933,0.4984 -2.56693,0.61512 -0.75005,-1.21199 -1.18333,-2.64052
-1.18333,-4.17057 0,-4.38352 3.55353,-7.93707 7.93706,-7.93707 z m 0.0505,1.60365
c 0.55794,5.9e-4 1.11968,0.16967 1.56486,0.506 0.40109,0.30301 0.69829,0.73408
0.86677,1.2077 0.16848,0.4736 0.21172,0.9879 0.15423,1.48729 -0.11497,0.99877
-0.61882,1.91471 -1.22754,2.71483 -1.07783,1.41673 -2.51049,2.55065 -4.10383,3.34439
C 9.1419,15.00808 8.97622,15.08526 8.80983,15.15949 8.46312,14.8561 8.16598,14.49625
7.93946,14.09521 7.46615,13.2572 7.31008,12.26173 7.40191,11.3037 7.49371,10.34566
7.8225,9.42232 8.26416,8.56721 8.77623,7.57575 9.47424,6.63663 10.45136,6.0977
10.93992,5.82823 11.49255,5.66582 12.0505,5.66657 Z m 7.81529,5.27095 c
0.0465,0.34756 0.0713,0.70218 0.0713,1.06248 0,4.38352 -3.55355,7.93707
-7.93707,7.93707 -2.46184,0 -4.66202,-1.12071 -6.11786,-2.87989 0.89859,-0.2041
1.77684,-0.49724 2.61923,-0.87038 0.36839,0.28056 0.77523,0.51066 1.2077,0.67646
1.24544,0.47746 2.65942,0.40837 3.91984,-0.0279 1.26042,-0.43634 2.37814,-1.21952
3.35251,-2.13039 1.16073,-1.08507 2.13937,-2.36401 2.88439,-3.7674 z

