M16.923895,4.6668448 C 14.77924,4.6776918 12.682012,4.6686547 10.537411,4.6535408
7.6777023,7.4861932 4.8542663,10.355342 2.0180992,13.211539 l -0.017991,-1.4e-4
0.00907,0.0091 -0.00918,0.0091 0.018255,-1.44e-4 6.0858891,6.096594 c
2.0809697,0.01587 4.1415297,0.01285 6.2493707,0.02041 0.398253,-0.398257
0.796514,-0.796514 1.194771,-1.194767 l -0.0024,1.09e-4 c 1.348148,-1.375545
2.719211,-2.711818 4.083218,-4.065677 l -11.4543387,-0.0102 -1.27004,1.281953
c 3.5761597,0.01285 6.4949757,-0.01436 9.7420667,0.02041 l -2.758753,2.772733
-5.2986967,-0.0021 -4.913732,-4.928586 7.3636707,-7.3818108 5.28486,0.020485
c 1.280985,1.285915 2.557281,2.57646 3.832302,3.868281 l -7.588133,-0.01058
-1.191494,1.1787158 9.394281,0.0076 0.03326,1.975127 1.192099,-1.20013
0.0034,-1.9477598 1.48e-4,-1.47e-4 -1.44e-4,-1.44e-4 z

