M2.6480024,5.964736 2.0000001,6.2068251 c 0.2409172,0.5951996 0.4962886,1.1059502
0.7655404,1.5310807 0.2621739,0.4251443 0.5571344,0.7775795 0.8830782,1.0539153
0.3259365,0.2692556 0.6891628,0.4671617 1.0930482,0.5947034 0.4038776,0.1275452
0.8607346,0.1886501 1.3709032,0.1886501 0.388971,0 0.711653,-0.017026
0.972004,-0.053439 1.2011769,0.4798294 2.32447,5.9118134 3.4929009,8.5133754
h 3.1e-4 l -1.53e-4,1.53e-4 h 2.844894 c 1.16843,-2.601563 2.291724,-8.033545
3.492901,-8.5133748 0.26035,0.036414 0.583032,0.053439 0.972003,0.053439 0.510169,0
0.967025,-0.061245 1.370903,-0.1887902 C 19.662218,9.2589956 20.025437,9.0612308
20.351381,8.7919744 20.677317,8.5156387 20.972293,8.1632034 21.23446,7.7380591
21.503711,7.3129262 21.759083,6.802175 22,6.2069784 L 21.351998,5.9648893 c
-0.20548,0.375541 -0.414118,0.6811663 -0.626682,0.9220708 -0.205482,0.23383
-0.432128,0.4208761 -0.680123,0.5625837 -0.240917,0.1346315 -0.51416,0.2318369
-0.818839,0.2885153 -0.297594,0.0496 -0.639382,0.074773 -1.029089,0.074759
-0.287475,0 -0.545871,-0.01478 -0.772693,-0.042779 h -0.0035 c -0.02876,-0.00209
-0.08812,-0.011701 -0.149518,-0.021319 -0.06467,-0.010126 -0.130845,-0.019849
-0.235076,-0.039133 -1.910585,-0.3535043 -2.544173,0.9728511 -2.681074,1.338784
-0.02143,0.057272 -0.03212,0.092572 -0.03212,0.092572 l -2.321447,6.4731509
-0.0019,0.0034 -0.0017,-0.0035 -2.3214469,-6.4731512 c 0,0 -0.01069,-0.0353
-0.03212,-0.092572 C 9.5077681,8.6823372 8.87418,7.3559825 6.9635951,7.7094867
c -0.10423,0.019284 -0.170409,0.029008 -0.235076,0.039133 -0.0614,0.00962
-0.120761,0.01925 -0.1495171,0.021319 h -0.0035 C 6.3486231,7.7978936
6.0902271,7.8126734 5.8027524,7.8126734 5.4130459,7.8126882 5.0712648,7.7875275
4.7736631,7.7379148 4.4689787,7.6812342 4.195736,7.5841699 3.9548189,7.4495383
3.7068316,7.3078307 3.4801788,7.1207855 3.2746972,6.8869547 3.0621322,6.6460515
2.8535016,6.3402827 2.6480145,5.9647436 Z

