M5.4589845,2.9980469 V 13.427734 c -0.203952,0.131616 -0.695972,0.528684
-1.0839844,0.847657 H 2.763672 v 0.773437 h 1.7695313 c 0.3812422,0.186099
0.8013001,0.40049 0.9257812,0.501953 v 5.451172 h 2.3496094 v -4.40625 c
1.3661411,0.553308 2.7423151,0.664392 4.1074221,0.429688 -0.393997,-0.289604
-0.579739,-0.648166 -0.736328,-0.939453 2.680526,1.52884 4.020936,-0.37149
4.847656,-0.984376 -0.284553,-0.230672 -0.632605,-0.05072 -1.205078,-0.746093
0.481812,0.06534 0.854414,0.07216 1.24414,0.06836 v 6.578125 h 2.347657 v -8.054687
c 0.435699,-0.530188 0.935489,-1.169689 1.357422,-1.716797 -0.324963,-0.198682
-0.390759,-0.373584 -0.513672,-0.621094 0.296339,0.07408 0.59846,0.110514
0.896484,0.105469 0.399047,-0.7576956 1.031044,-1.2312751 1.457031,-1.4316409
-0.977368,-0.339383 -2.105726,-0.467723 -3.197265,-0.4570312 v -5.828125 h
-2.347657 v 6.0585937 c -0.04934,0.00944 -0.100136,0.01941 -0.148437,0.029297
-0.548902,0.469766 -0.530507,1.0807414 -0.708984,2.0859374 -0.345169,-0.449561
-0.502563,-1.015347 -0.298829,-1.7949218 -1.158417,0.3636883 -2.285346,0.8550578
-3.373046,1.3652348 -0.420938,0.196998 -1.456352,0.938104 -2.0625005,1.173828
-0.2862376,0.427672 -0.5237049,0.836471 -0.7207031,1.230468 -0.011788,-0.362006
-0.069635,-0.715782 -0.041016,-1.08789 -0.3237641,0.05037 -0.6237619,0.104296
-0.9042969,0.167968 V 2.9980469 Z
