M14.602005,3.1688101 c -0.354554,0.01167 -0.734901,0.06764 -1.122181,0.173052
-4.1183034,1.119919 -6.3599805,7.5124969 -7.2363611,11.1240339 -0.00656,0.02075
-0.013221,0.04152 -0.019789,0.06211 0.00251,-0.005 0.00524,-0.0084 0.00773,-0.01339
-0.00117,0.005 -0.00235,0.01008 -0.00351,0.01506 0.010051,-0.01959 0.019836,-0.03918
0.02989,-0.0586 0.2823242,-0.464437 0.5601579,-0.893379 0.8354275,-1.291365
-0.2204719,-0.576208 0.4467313,-1.430509 1.5641471,-1.974289 2.1032335,-2.2846939
4.3163885,-3.2958899 7.6499985,-5.2034769 1.378788,-0.788871 1.183698,-1.579401
0.288694,-1.971191 -0.09818,-0.548633 -0.930383,-0.899119 -1.994043,-0.862186 z M
8.6573953,11.205666 c -0.5230907,0.568223 -1.0390869,1.215153 -1.5641471,1.97429
0.1330524,0.347724 0.5891571,0.594241 1.4651995,0.609995 1.0972539,0.01976
2.0791023,0.01959 2.9905423,0.03214 -0.323808,0.404549 -0.574533,0.868031
-0.733764,1.359656 -0.42888,1.695527 0.280419,3.58649 1.691034,4.611731
0.08778,0.06597 0.177836,0.129091 0.270067,0.188587 0.339728,0.268751
0.728305,0.465794 1.129942,0.625499 1.281374,0.444748 2.729227,0.204091
3.89271,-0.455545 0.391607,-0.240356 0.763445,-0.521328 1.061261,-0.873841
-0.972232,0.979954 -2.449335,1.42378 -3.802688,1.164858 -0.893663,-0.194128
-1.730082,-0.689238 -2.309939,-1.398833 -0.569737,-0.683763 -0.856005,-1.605035
-0.714751,-2.489606 0.04852,-0.266658 0.120896,-0.527774 0.126107,-0.801278
0.09573,-0.723175 0.460745,-1.38852 0.984431,-1.886593 1.896342,0.09107
3.574523,0.348796 5.548044,1.150492 0.04693,0.351091 0.03567,0.710216
-0.03958,1.058544 0.05876,0.882882 -0.289764,1.755866 -0.886259,2.395313
-0.510892,0.493266 -1.159596,0.850483 -1.859436,0.973958 -1.023083,0.18847
-2.114528,-0.167088 -2.846195,-0.902552 0.284463,0.44915 0.656784,0.843754
1.108599,1.126434 0.977507,0.600937 2.238254,0.612506 3.280401,0.173836
0.860208,-0.329776 1.598428,-0.957401 2.053064,-1.7597 0.406889,-0.638743
0.544458,-1.412078 0.489691,-2.160935 -0.0057,-0.111838 -0.01608,-0.222742
-0.03104,-0.33294 0.489437,0.241075 1.000643,0.515148 1.539314,0.827278
-0.48296,-0.462075 -1.054261,-0.978229 -1.690258,-1.50632 -0.30105,-0.965019
-0.944053,-1.816408 -1.775234,-2.395698 -0.684684,-0.554928 -1.540452,-0.898669
-2.425183,-0.922342 -0.275521,-0.0068 -0.55312,0.0084 -0.828056,0.0447
-1.843737,-0.836052 -3.747791,-1.238358 -5.4331804,-0.70583 -0.2447452,0.07735
-0.476046,0.170271 -0.6906921,0.274727 z M 5.9213981,4.3061111 c -0.2009228,-0.0033
-0.4279501,0.06496 -0.6631409,0.19597 -0.6681547,-0.302654 -1.812035,0.619589
-2.3925893,2.098836 -1.5675143,3.9917249 2.2672089,9.6416729 4.6392788,12.4875749
0.00203,0.0033 0.00414,0.005 0.00617,0.0084 -2.945e-4,-7.82e-4 -4.804e-4,-0.0016
-7.421e-4,-0.0017 7.813e-4,9.38e-4 0.00149,0.0017 0.00235,0.0033 -0.00251,-0.005
-0.00484,-0.01008 -0.00735,-0.01506 C 5.3052323,13.730628 6.0278519,11.197574
6.6459066,5.9210831 6.7773021,4.7988521 6.4349285,4.3164341 5.9214559,4.3068741
Z m 9.4989599,7.6383669 c 0.110433,0.01506 0.220504,0.03365 0.329437,0.05742
0.866626,0.208108 1.67031,0.703753 2.233886,1.395735 0.06422,0.07684
0.124528,0.156543 0.180821,0.239032 -0.862915,-0.619068 -1.790949,-1.206713
-2.744144,-1.692194 z


