M5.5281983,4.5077402 v 3e-4 c -1.444887,0.002 -2.400438,0.11866 -2.400493,0.11867 0,0
1.549788,-0.0743 3.64298,0.12969 -0.442664,-0.02 -0.859635,-0.0276 -1.242391,-0.0272
h -1.96e-4 c -1.442869,0.002 -2.39595,0.1178 -2.403846,0.11877 -3.2e-5,0
-0.0055,4.9e-4 -0.0055,4.9e-4 -0.0942,0.0108 -0.08222,0.15116 0.01245,0.14587
0,0 4.992342,-0.2359 9.1405897,1.32142 -0.289112,-0.0462 -1.529984,-0.22587
-3.2480697,-0.21293 h -1.96e-4 c -0.454591,0.003 -0.942549,0.0205 -1.455219,0.0569
-2.733977,0.19433 -5.494292,1.15124 -5.494449,1.1513 0,0 1.050882,-0.26447
2.626251,-0.49826 -1.526595,0.33342 -2.650484,0.72354 -2.650484,0.72354
-0.08848,0.0305 -0.04889,0.16318 0.04186,0.14022 0,0 5.066875,-1.27172
9.6081987,-0.69835 -0.739353,0.0593 -1.9439987,0.23413 -3.5230597,0.72824
-2.801349,0.87653 -4.390228,2.11905 -4.390273,2.11908 0,0 0.57083,-0.31873
1.528588,-0.72718 -1.022956,0.53352 -1.573605,0.9639598 -1.573605,0.9639598
-0.07054,0.0558 0.0021,0.16503 0.08084,0.12154 0,0 4.164596,-2.3227898
8.8546797,-2.4546098 0.04899,-0.001 0.0828,-0.0495 0.06743,-0.0961 l
-0.08946,-0.27087 c 0.0066,-1.9e-4 0.01308,-3.9e-4 0.01964,-5.7e-4 l
-0.134766,-0.40794 c 0,0 -0.0083,-5.3e-4 -0.02471,-0.001 l -0.07164,-0.23132
c 0.0053,9.2e-4 0.01054,0.002 0.0158,0.003 h 9.8e-5 l -0.118355,-0.38251 c
0.08099,0.0309 0.161671,0.0625 0.241946,0.0947 0.135952,0.58163 0.473994,1.444
0.710417,1.98988 -0.536509,0.36819 -1.090689,0.7755 -1.302638,1.7876698
-0.0718,0.23624 -0.122833,0.50822 -0.14693,0.82459 -0.120508,1.58288 1.23704,2.96859
2.916088,3.0113 1.556987,0.0829 2.615588,0.0943 3.904274,0.76223 0.601825,0.33317
1.162371,1.01805 1.580981,1.85463 0.41886,0.83703 0.696748,1.82457 0.746622,2.75585
0.0047,0.0915 0.139209,0.0932 0.146163,0.002 2.46e-4,-0.003 -9.8e-5,-0.007
9.8e-5,-0.01 0.04237,-0.55872 -0.0131,-1.35736 -0.244723,-2.18201 -0.229963,-0.97333
-0.699346,-2.01716 -1.541998,-2.74704 0.973279,0.37461 1.56884,0.93132
1.934513,1.4466 0.493593,0.69554 0.566465,1.3146 0.566073,1.31116 0.01039,0.0875
0.138064,0.0855 0.145685,-0.002 0,0 0.03092,-0.36173 -0.122219,-0.86079
-0.179729,-0.88493 -0.965281,-2.55685 -4.299662,-3.04616 -0.583533,-0.0856
-1.321492,-0.15156 -2.067937,-0.15344 -1.616063,0.0214 -2.550264,-0.79222
-2.856225,-1.73184 -0.0076,-0.04 -0.01406,-0.0801 -0.01944,-0.12021
-0.07129,-0.53101 0.05339,-1.06888 0.361865,-1.4856798 0.30848,-0.41678
0.799397,-0.71521 1.475812,-0.76807 h 2.95e-4 c 1.110619,-0.0917 2.465293,0.50897
3.79738,1.1287898 -0.0013,0.15392 0.01232,0.30919 0.124804,0.44979 0.07532,0.0941
0.211206,0.15957 0.34951,0.2249 0.138269,0.0653 0.280592,0.1245 0.337057,0.15689
0.128368,0.0737 0.556469,0.34833 0.80888,0.67689 0.0324,0.0422 0.0976,0.0369
0.122698,-0.01 0.0013,-0.002 0.03968,-0.0467 0.09032,-0.0891 0.05064,-0.0424
0.114899,-0.0907 0.177484,-0.13572 0.125171,-0.0901 0.24367,-0.16734 0.24367,-0.16734
0.06168,-0.0402 0.03214,-0.13607 -0.04147,-0.13457 0,0 -0.01798,0.001 -0.07548,-0.01
-0.03939,-0.008 -0.09468,-0.0207 -0.167427,-0.0439 0.125963,-0.0906 0.244225,-0.16751
0.244245,-0.16752 0,0 -0.114723,0.002 -0.381597,-0.0973 -0.18045,-0.0674
-0.383712,-0.22718 -0.498738,-0.32901 -0.03018,-0.048 -0.06758,-0.0909
-0.09463,-0.11829 0.0048,-0.0114 0.0188,-0.0224 0.0521,-0.029 0.04736,-0.0399
-0.05988,-0.16959 -0.107276,-0.21695 -0.04736,-0.0474 -0.364075,-0.5859898
-0.371539,-0.5984498 -0.0075,-0.0125 -0.01005,-0.025 -0.03247,-0.0399
-0.06985,-0.0225 -0.376569,0.0324 -0.376615,0.0324 0,0 -0.453965,-0.22292
-0.624788,-0.70295 0.223993,0.19192 0.435742,0.39642 0.63427,0.61454 7.8e-4,8.5e-4
0.0016,0.002 0.0024,0.002 l 9.8e-5,1e-4 c 0.0149,0.0149 0.03549,0.0226 0.05651,0.0213
l 0.209858,-0.0137 c 0.05954,-0.004 0.08965,-0.0736 0.05172,-0.11964 0,0
-0.07452,-0.0904 -0.221832,-0.23715 l 0.16532,-0.0108 c -6.13e-4,-7.4e-4
-0.677111,-0.821 -1.985852,-1.53079 l -9.8e-5,-9e-5 c -0.436023,-0.23647
-0.942233,-0.46057 -1.516999,-0.63811 1.097471,0.44619 2.074164,1.0154
2.87883,1.76422 -0.585183,-0.48569 -1.542365,-1.13206 -2.851244,-1.5375
-2.45e-4,-1e-4 -4.96e-4,-2.9e-4 -7.65e-4,-3.9e-4 -0.0012,-4.4e-4 -0.0024,-8.6e-4
-0.0035,-0.001 -6.67e-4,-2.4e-4 -0.0013,-4.4e-4 -0.002,-6.7e-4 -0.0074,-0.002
-0.01519,-0.004 -0.02299,-0.003 -0.07184,0.001 -0.09937,0.0941 -0.03965,0.1341 h
9.8e-5 c 0.0043,0.003 0.0089,0.005 0.0137,0.007 0.986337,0.40101 1.872341,0.90095
2.621846,1.54075 -0.0056,0.0562 -0.0379,0.11835 -0.03448,0.21092 -0.02214,0.0117
-0.03853,0.0345 -0.03774,0.0663 2.46e-4,0.01 -0.0045,0.026 -0.01063,0.0484
-0.210472,-0.10925 -0.392959,-0.29295 -0.540404,-0.68101 -0.03661,0.0921
-0.04615,0.17171 -0.04368,0.23562 -0.0102,0.008 -0.01872,0.0182 -0.02414,0.0319
-0.01441,0.0362 -0.02485,0.0707 -0.03218,0.10344 -0.169974,-0.0732 -0.503502,-0.26466
-0.571915,-0.65898 -0.04008,0.0945 -0.04858,0.17407 -0.04416,0.23591 -0.0095,0.007
-0.01752,0.0172 -0.02299,0.0301 -0.01092,0.0257 -0.01957,0.0505 -0.02634,0.0742
-0.274305,-0.12079 -1.138956,-0.45027 -2.420033,-0.45612 -0.558465,-0.0512
-0.881857,-0.59746 -1.047665,-1.14469 -0.0267,-0.12494 -0.04535,-0.24525
-0.05689,-0.35382 -0.02269,-0.21344 -0.01315,-0.38991 0.0027,-0.4405 0.01057,-0.0337
-0.0045,-0.0702 -0.03573,-0.0867 0,0 -0.01841,-0.01 -0.05517,-0.0274 3.43e-4,-0.0902
0.0077,-0.1604 0.02088,-0.20248 0,0 -1.51538,-0.7986 -4.4982187,-1.1514
-1.118564,-0.13232 -2.161742,-0.17282 -3.028728,-0.17183 z
