M11.413054,4.405504 c -0.01094,-2.188e-4 -0.02218,8.865e-4 -0.03327,0.0036 l
-1.362532,0.3319473 c -0.05722,0.01396 -0.09791,0.065412 -0.09821,0.1247515 l
0.600553,2.7718829 0.02189,0.01338 c 0.458152,-0.153512 0.948598,-0.236749
1.45846,-0.236749 2.299304,0 4.20333,1.692155 4.534643,3.8990213 l
2.802377,-0.613418 c 0.05499,-0.02628 0.08393,-0.08727 0.06933,-0.146336 l
-0.33189,-1.3627113 c -0.0141,-0.05737 -0.06551,-0.09785 -0.124752,-0.09791 l
-2.237388,-0.0014 c -0.188814,-0.355936 -0.42209,-0.690851 -0.697276,-0.996301
l 0.72889,-2.0519626 c 0.02031,-0.057079 -0.0023,-0.1208944 -0.05436,-0.1525198
L 15.491319,5.162012 C 15.440649,5.131198 15.375663,5.1391 15.334161,5.180751 L
13.826839,6.685908 C 13.37979,6.5431259 12.921412,6.4645056 12.464431,6.4510892
L 11.526306,4.4787861 c -0.02131,-0.044731 -0.06563,-0.07222 -0.113252,-0.07317
z M 6.9909768,6.4122562 c -0.03229,5.901e-4 -0.06408,0.013385 -0.0882,0.037722
L 5.9109083,7.4416617 c -0.041701,0.04184 -0.049538,0.106834 -0.0188,0.15747 l
1.1612135,1.91243 c -0.20596,0.346265 -0.370933,0.7196313 -0.488916,1.1134693 l
-2.1318713,0.443457 c -0.059314,0.01223 -0.1020507,0.06487 -0.1020507,0.125745
v 1.402424 c 0,0.05931 0.040442,0.11069 0.097598,0.124507 l 2.069219,0.505803
c 0.110341,0.45613 0.281356,0.888603 0.507347,1.286023 l -1.1976435,1.826401
c -0.033413,0.05102 -0.026407,0.118304 0.01676,0.161303 l 0.9915625,0.991684
c 0.0417,0.04162 0.1068,0.04961 0.157653,0.01904 l 1.914906,-2.118145
0.0011,-0.02437 c -0.906803,-0.83783 -1.474664,-2.03716 -1.474664,-3.369036
0,-1.475341 0.696747,-2.7879853 1.779147,-3.6267643 L 7.0638468,6.433217 c
-0.02232,-0.014579 -0.04774,-0.021459 -0.07286,-0.020955 z m 9.4877542,6.5763988
c -0.45216,2.057268 -2.285662,3.597012 -4.478791,3.597012 -0.577892,0
-1.130849,-0.106948 -1.640111,-0.302067 l -0.01281,0.0069 -0.7324782,2.772314
c -0.0035,0.06085 0.03607,0.115584 0.09487,0.131185 l 1.3544302,0.364419
c 0.05707,0.01526 0.117311,-0.01036 0.145841,-0.06227 l 1.077409,-1.96092
c 0.402846,0.0056 0.808692,-0.03785 1.208838,-0.132236 l 1.448502,1.625885
c 0.04027,0.04525 0.107135,0.05606 0.15988,0.02566 l 1.215208,-0.700134 c
0.05139,-0.02961 0.07569,-0.09035 0.05912,-0.146767 L 15.7839,16.162228 c
0.340139,-0.323317 0.629466,-0.687396 0.860999,-1.081615 l 2.180424,0.125989
c 0.06089,0.0035 0.11567,-0.0362 0.131372,-0.09506 l 0.364289,-1.354249
c 0.01523,-0.05691 -0.01022,-0.117339 -0.06216,-0.146148 z M 21.5,11.9997 c
0,5.246495 -4.253385,9.500301 -9.500179,9.500301 -5.2465871,0 -9.4998208,-4.253806
-9.4998208,-9.500301 0,-5.2465633 4.2532336,-9.4997007 9.4998208,-9.4997007
5.246794,0 9.500179,4.2531374 9.500179,9.4997007 z

