M11.996528,2.4792109 A 9.5035284,9.5207761 0 0 0 2.5000013,11.633098 C 2.9831545,11.297772
3.4667337,10.96245 3.9498521,10.627129 5.348919,9.6461985 6.7721797,8.6996825
8.2140357,7.7824735 8.8317107,7.4071285 9.4387085,7.0131295 10.07452,6.6670825
10.707543,6.3056901 11.347973,5.9424557 12.042859,5.7126915 12.180067,5.6592015
12.35259,5.6773365 12.462825,5.56757 12.76422,5.266174 13.16147,5.0870814 13.551234,4.9280123
c 0.354419,-0.1237186 0.709769,-0.2548836 1.084187,-0.3032541 -0.186046,0.2725563
-0.405597,0.5195892 -0.606989,0.7805199 -0.07162,0.099999 -0.18787,0.187436
-0.183686,0.3218585 -0.03721,0.3832539 -0.0433,0.8134929 -0.297259,1.1274459 0.5893,0.412557
1.051678,0.977653 1.448421,1.571604 0.81488,1.279069 1.34604,2.7143965 1.78697,4.1585815
0.338136,1.090693 0.575313,2.207875 0.825077,3.320893 0.21829,1.102951 0.408368,2.211385
0.572583,3.323691 A 9.5035284,9.5207761 0 0 0 21.500002,11.99999 9.5035284,9.5207761 0 0 0
11.996528,2.4792109 Z m -0.0729,7.8609411 c -0.04415,-0.0013 -0.08831,8.43e-4 -0.132383,0.0074
-0.206512,0.06232 -0.379074,0.20092 -0.539537,0.340454 -0.610694,0.572143 -1.113482,1.244712
-1.6181339,1.908428 -1.4911234,2.015508 -2.9238118,4.073024 -4.3772161,6.115539 a
9.5035284,9.5207761 0 0 0 6.740174,2.808816 9.5035284,9.5207761 0 0 0 5.702863,-1.904771 c
-0.0076,-0.02739 -0.01488,-0.05376 -0.02583,-0.06936 -0.309769,-0.951627 -0.660497,-1.888877
-1.020962,-2.821896 -0.457672,-1.10186 -0.915806,-2.206522 -1.4972,-3.250244
-0.424651,-0.771624 -0.894854,-1.527404 -1.493458,-2.177636 -0.378602,-0.384653
-0.807492,-0.765606 -1.343768,-0.900025 -0.129771,-0.022 -0.262107,-0.05335 -0.394552,-0.05669
z M 6.4405577,11.26246 C 6.1577681,11.2513 5.8768386,11.30666 5.6033507,11.373175
4.5633529,11.64759 3.5456619,12.001957 2.54892,12.404285 2.532503,12.391565 2.516216,12.378755
2.499998,12.365855 a 9.5035284,9.5207761 0 0 0 1.041127,3.980551 C 4.2160653,15.36692
4.8862502,14.38405 5.5591345,13.403364 5.8986677,12.885229 6.2721671,12.384741
6.5363523,11.821951 6.5935667,11.689859 6.6512558,11.549395 6.6498605,11.403347
6.6503243,11.292648 6.5275353,11.266636 6.4405587,11.262452 Z m 1.7208807,0.83632
c -0.2348342,0.0093 -0.3988878,0.219875 -0.5715589,0.358102 -0.7409297,0.687907
-1.3777195,1.476724 -2.0251597,2.250674 -0.5955311,0.703525 -1.1655913,1.428101
-1.7443186,2.14562 a 9.5035284,9.5207761 0 0 0 0.8634386,1.227534 c 0.9820554,-1.62721
1.9980432,-3.233911 2.9529821,-4.877306 0.202324,-0.360929 0.4414178,-0.708391
0.5725828,-1.103739 -0.016307,-0.0013 -0.032317,-0.0017 -0.047968,-8.43e-4 z

