M7.4183182,10.760145 c -0.9756741,1.26464 -1.766957,2.687062 -1.766957,4.410241
0,3.735082 2.8343309,6.815451 6.3486388,6.815451 3.514196,0 6.348639,-3.080349
6.348639,-6.815451 0,-1.723515 -0.792543,-3.10075 -1.823386,-4.410241 C
16.138711,10.35452 15.580651,10.414832 15.174394,10.674395 13.985612,11.289517
13.343922,11.535284 12,11.529264 10.700209,11.523364 10.017292,11.311167
8.828454,10.663108 8.422195,10.41484 7.8048661,10.354527 7.4183183,10.760148
Z M 8.265506,11.809342 C 9.4977301,12.490657 10.59668,12.836327 12,12.836327 c
1.404504,0 2.501634,-0.345675 3.734492,-1.026985 0.672722,0.948542 1.307074,2.124731
1.307074,3.361044 0,3.062408 -2.257064,5.508378 -5.041566,5.508378 -2.7846353,0
-5.1349294,-2.445953 -5.1349294,-5.508378 0,-1.234679 0.7262461,-2.411755
1.4004354,-3.361044 z m 3.962351,-9.0411675 a 0.7540115,0.7540115 0 1 1
-1.508023,0 0.7540115,0.7540115 0 1 1 1.508023,0 z m 1.960102,1.5458079 a
0.86710413,0.86710413 0 1 1 -1.734208,0 0.86710413,0.86710413 0 1 1 1.734208,0 z m
-1.432835,1.5834579 a 0.94251052,0.94251052 0 1 1 -1.885021,0 0.94251052,0.94251052
0 1 1 1.885021,0 z m 0.869175,3.014504 c -0.581735,0 -1.055228,-0.4729876
-1.05561,-1.0542195 -9.18e-4,-0.5827658 0.472528,-1.056526 1.054649,-1.0570022
0.582502,0 1.055992,0.4728898 1.056562,1.0541174 0,0.5827644 -0.472622,1.0565252
-1.054649,1.0570947 h -9.17e-4 z M 10.569763,9.741281 h -9.17e-4 c -0.6229978,0
-1.1303469,-0.506649 -1.1310097,-1.1292166 -9.54e-4,-0.624642 0.5065034,-1.1320463
1.1300657,-1.132709 0.62394,0 1.131197,0.5066499 1.131954,1.1292172 0,0.6246424
-0.506502,1.1321394 -1.130067,1.1328024 z
