M12.008874,4.7967082 c -4.6928247,2.25e-5 -8.5261733,3.73405 -8.5261958,8.5043938
0.00756,1.424735 0.3544983,2.828936 1.0446913,4.075356 L 3.0000001,19.203305
21,19.199005 19.464185,17.336478 c 0.670014,-1.232176 1.024601,-2.611045
1.032125,-4.013584 -2.2e-5,-4.692827 -3.794612,-8.5261767 -8.487436,-8.5261992 z
m 0.354438,0.6773841 c 2.165483,0.00684 4.210181,0.9987184 5.556092,2.6951519 L
13.477648,13.493234 9.8390951,9.1576136 9.1951711,9.9159996 12.839328,14.258432
12.058837,15.194113 9.2201533,11.837929 5.9544222,15.687804 C 5.4834359,14.722267
5.2455695,13.669534 5.2421504,12.595254 5.242172,8.6623544 8.4304114,5.4741148
12.363312,5.4740923 Z m 6.431817,4.097461 c 0.449179,0.9450067 0.684593,1.9773867
0.689495,3.0237007 -0.0094,1.258366 -0.339901,2.512371 -0.98095,3.595251 l
-1.36688,-1.647583 -1.382626,1.662876 -1.250601,-1.490275 z m -4.929885,5.9091677
1.251662,1.491487 -0.770346,0.926596 -1.257869,-1.487247 z

