M13.671847,8.6706781 l -9.2562096,-4.52e-4 1.0460829,-1.8517704 2.4828965,0.00684
-1.2330313,-2.1486914 0.528715,-0.9149052 1.0803535,-0.00118 1.753475,3.0593726
2.525734,0.0051 z m -5.37513,3.5326239 4.627711,8.01634 -2.126721,0.01995
L 9.56222,18.0859 8.317914,20.228083 7.2612243,20.227655 6.720016,19.292637
8.492773,16.244396 7.2343414,14.054484 Z m 7.412844,-0.406601 -4.627711,-8.0163401
2.126722,-0.019953 1.235487,2.1536917 1.244306,-2.1421825 1.056689,4.277e-4
0.541209,0.9350192 -1.772758,3.0482411 1.258432,2.189911 z m -5.38744,3.512365
9.256208,4.53e-4 -1.046083,1.851768 -2.482895,-0.0068 1.233031,2.148688
-0.528716,0.914905 -1.080352,0.0012 -1.753475,-3.059371 -2.525735,-0.0051 z M
9.967039,8.9012871 5.3385425,16.917174 4.2579025,15.085355 5.5053112,12.938545
3.0279741,12.931974 2.5,12.01664 3.0391451,11.080433 6.5653773,11.091562
7.83268,8.9067741 Z m 4.065922,6.2667289 4.628496,-8.0158835 1.08064,1.8318206
-1.247409,2.1468099 2.477337,0.0066 0.527975,0.915334 -0.539145,0.936211
-3.526233,-0.01113 -1.267303,2.184792 z

