M6.9022781,4.4993301 C 5.8007193,4.5065701 4.7316862,5.390509 4.7089187,6.528627
c -0.095529,2.9802732 -0.042945,5.963732 -0.037109,8.945312 0.038782,0.851504
-0.041663,1.724066 0.1269531,2.560547 0.4585525,1.097832 1.8063162,1.788387
2.9414062,1.31836 0.9967215,-0.44278 1.4757048,-1.729574 2.64453,-1.835938
1.005939,-0.182842 1.941434,0.514835 2.339844,1.402344 0.07941,0.162475
0.153263,0.296522 0.19336,0.308594 h 0.002 0.002 0.002 0.002 0.002 v -0.002 h 0.002
l 0.002,-0.002 0.002,-0.002 0.002,-0.002 c 0.01667,-0.02506 0.01989,-0.106213
0.002,-0.263672 -0.03571,-1.019129 0.162748,-2.154595 -0.476563,-3.029297
-0.489922,-0.706681 -1.356425,-0.939692 -2.164062,-1.033203 -0.8212442,-0.175947
-1.2238212,-1.089079 -1.1445302,-1.865234 0.02883,-1.044468 -0.00358,-2.240017
0.8085932,-3.027344 1.062125,-1.2605808 3.160891,-1.2923623 4.294921,-0.1152339
0.610735,0.5482379 0.635323,1.6263399 1.621094,1.6816399 0.422062,0.146884
0.908599,0.216138 1.279297,0.449219 -0.636537,0.26005 -1.317103,0.396458
-1.974609,0.59961 0.02022,1.710748 -0.05471,3.425681 0.07031,5.132812
0.137607,1.387697 1.894599,2.160522 3.080078,1.515625 0.754754,-0.363375
1.308228,-1.136616 1.289063,-1.990234 0.07288,-2.059229 0.01703,-4.12264
-0.04687,-6.181641 C 19.459417,9.2276337 18.385634,7.561799 17.025325,6.3372207
16.168252,5.5071004 15.031851,5.0106132 13.896418,4.6907363 12.785033,4.4901377
11.628503,4.4966866 10.513606,4.669252 9.8229605,4.712858 9.1803685,5.3335362
8.5194656,5.169252 8.0861793,4.7488989 7.5156513,4.4718288 6.9022781,4.4993301
Z M 12.158137,10.93683 a 1.34375,1.34375 0 0 0 -1.34375,1.34375 1.34375,1.34375
0 0 0 1.34375,1.34375 1.34375,1.34375 0 0 0 1.34375,-1.34375 1.34375,1.34375 0
0 0 -1.34375,-1.34375 z

