M12.020507,4.7646485 a 7.2360001,7.2360001 0 0 0 -7.2363273,7.2363285
7.2360001,7.2360001 0 0 0 7.2363273,7.234375 7.2360001,7.2360001 0 0 0
6.587891,-4.24414 5.7129998,5.7129998 0 0 1 -4.154297,1.792968 5.7129998,5.7129998
0 0 1 -5.7128901,-5.71289 5.7129998,5.7129998 0 0 1 5.7128901,-5.7128915
5.7129998,5.7129998 0 0 1 0.482422,0.019531 7.2360001,7.2360001 0 0
0 -2.916016,-0.613281 z m 2.453126,1.5332031 A 4.7435002,4.7435002 0 0 0
9.7294922,11.04004 4.7435002,4.7435002 0 0 0 14.473633,15.78418 4.7435002,4.7435002
0 0 0 19.21582,11.04004 4.7435002,4.7435002 0 0 0 14.473633,6.2978516 Z m
0,1.0625 A 3.6800001,3.6800001 0 0 1 18.15332,11.04004 3.6800001,3.6800001 0 0 1
14.473633,14.719727 3.6800001,3.6800001 0 0 1 10.793945,11.04004 3.6800001,3.6800001
0 0 1 14.473633,7.3603516 Z
