M12,1.9999991 A 10,10 0 0 0 1.9999997,12 10,10 0 0 0 12,22.000001 10,10 0 0 0 22,12
10,10 0 0 0 12,1.9999991 Z m 0,1.2500026 A 8.7499034,8.7499697 0 0 1 20.749999,12
8.7499034,8.7499697 0 0 1 12,20.749998 8.7499034,8.7499697 0 0 1 5.4140021,17.744172
c 0.6304556,-0.45599 1.6643041,-0.33954 2.9350281,-0.196078 0.619195,0.07234
1.324404,0.153277 2.0542898,0.169528 2.037848,0.01294 4.232757,-0.363405
5.585633,-0.955202 0.875243,-0.380397 1.433786,-0.63362 1.783751,-0.951841
0.125868,-0.104293 0.191243,-0.273584 0.259248,-0.45578 l 0.04776,-0.120393
c 0.05659,-0.147689 0.139691,-0.458892 0.17624,-0.629424 0.01471,-0.07513
0.03193,-0.14868 -0.03021,-0.196686 -0.05681,-0.04391 -0.187378,0.0348
-0.187378,0.0348 -0.594076,0.357569 -2.079092,1.034767 -3.467559,1.063691
-1.723867,0.03476 -5.2165858,-1.745024 -5.5784608,-1.932984 -0.2422,-0.576703
-0.484293,-1.153729 -0.7299804,-1.728973 2.4988372,1.646469 4.5715892,2.556638
6.1581412,2.696993 1.766261,0.15734 3.142959,-0.806499 3.74054,-1.207428
0.07823,-0.052 0.156394,-0.110199 0.228119,-0.166167 h 3.57e-4 c 0.01283,-0.01001
0.0428,-0.0364 0.03891,-0.06073 C 18.329361,12.488399 17.40703,9.4862568
16.708919,8.7642358 16.516558,8.5675696 16.362532,8.3735765 16.050648,8.1911185
13.525142,6.7194407 7.5336995,5.8312654 7.2529963,5.7906065 c 0,0 -0.028233,-0.00574
-0.04776,0.013295 -0.015163,0.014803 -0.018155,0.043339 -0.018155,0.043339 0,0
-0.023003,1.2413529 -0.026546,1.3801556 C 6.9343046,7.1513928 6.1788376,6.906451
5.1115865,6.6213183 A 8.7499034,8.7499697 0 0 1 12.000007,3.2500422 Z m
1.823731,5.0759871 c 0.04253,-8.886e-4 0.08522,-3.116e-4 0.128021,8.886e-4
1.412226,0.050504 2.522074,1.2426784 2.473601,2.6533486 -0.02664,0.684431
-0.31305,1.319606 -0.812225,1.784059 -0.50068,0.47024 -1.15238,0.712029
-1.840362,0.688933 -1.410707,-0.05201 -2.519239,-1.24172 -2.471924,-2.653654
0.02536,-0.684431 0.311777,-1.3195311 0.812226,-1.7854331 0.469385,-0.4382308
1.072765,-0.6780479 1.710663,-0.6883197 z m 0.01694,0.755155 c -0.445955,0.0055
-0.865499,0.173279 -1.190948,0.478517 -0.34716,0.325591 -0.551785,0.7667522
-0.566254,1.2443572 -0.03324,0.986921 0.73943,1.817014 1.72409,1.85333
0.47886,0.01449 0.935297,-0.154908 1.284484,-0.480499 0.348681,-0.327108
0.54934,-0.768073 0.564576,-1.243895 0.03324,-0.9866642 -0.739433,-1.8158772
-1.726379,-1.8508942 -0.02994,-8.9e-4 -0.05984,-0.0014 -0.08957,-8.9e-4
z m 0.382079,0.898288 c 0.438506,0 0.793763,0.2360202 0.793763,0.5296332
0,0.290819 -0.355504,0.528105 -0.793763,0.528105 -0.438517,0 -0.792693,-0.237272
-0.792693,-0.528105 0,-0.293613 0.354176,-0.5296332 0.792693,-0.5296332 z

