M16.026185,15.243193 c -0.514184,-0.19996 -0.34279,-2.942273 0.142828,-6.2844668
0.14283,-0.9141042 0.371356,-1.371157 0.628448,-1.5996826 0.257091,-0.2285264
1.028367,-0.3427896 1.485419,-0.257092 0.52561,0.077128 1.014085,0.31708
1.399722,0.6855784 0.34279,0.3142232 0.371355,0.6570122 0.257092,1.0854986 C
19.82543,9.301515 19.42551,10.21562 19.111287,10.872632 l -0.799842,1.513985 c
-1.54255,2.742314 -1.856773,3.027971 -2.28526,2.856576 z m 0.514184,2.599484
c -0.05713,0.257092 -0.199961,0.485618 -0.428487,0.628447 -0.228525,0.142829
-0.771276,0.142829 -1.085499,-0.114263 -0.314223,-0.257092 -0.371354,-0.685579
-0.285658,-1.028367 0.0857,-0.342789 0.371355,-0.714145 0.771276,-0.828407
0.828407,-0.257092 1.199763,0.657013 1.028368,1.34259 z M 13.998016,9.0729894 c
-0.685579,1.4568536 -1.828209,2.6280496 -3.427891,3.1993646 l 1.371156,3.570721
c 0.257092,0.657012 0.485618,1.342589 0.285658,1.971037 -0.199961,0.628447
-1.114064,0.828408 -1.771077,0.142828 C 9.198968,16.614349 4.9712361,8.1588844
4.6570121,7.530438 4.3427889,6.9019916 4.0000001,6.3878076 4.0000001,5.7593605
4.0285681,4.8166909 5.4854193,3.8454549 6.1995633,3.3598373 6.9137073,2.8742189
8.3134296,2.2172069 9.5417576,2.1886405 c 1.2283274,-0.028568 1.7425114,0.257092
2.4566554,0.714144 1.085498,0.7141448 1.856774,1.8282088 2.142432,3.1136679
0.285658,1.2854592 0.19996,2.2852608 -0.142829,2.999405 M 10.770085,7.4733068
C 10.512994,6.5877676 9.970244,5.7307949 9.2561,5.1594797 9.1132712,5.0452165
8.941876,4.9023885 8.741916,4.8452565 7.4278912,4.4167701 7.9992064,6.616334
8.1991664,7.1876492 8.3991272,7.7589644 8.941876,8.9587262 9.5417576,9.558607
9.6845864,9.7014358 9.8274152,9.815699 9.9988096,9.8442646 10.170204,9.8728326
10.512994,9.7014358 10.655822,9.4729102 10.798651,9.2443838 10.827217,9.0729894
10.827217,8.844463 c 0.0657,-0.457052 0.0457,-0.9226738 -0.05714,-1.3711562 z M
6.1138665,19.613756 H 18.28288 c 0.582741,0 1.056933,0.47419 1.056933,1.056932
v 0.0857 c 0,0.58274 -0.474192,1.056933 -1.056933,1.056933 H 6.1138665 c
-0.5827416,0 -1.0569336,-0.474193 -1.0569336,-1.056933 v -0.0857 c 0,-0.585598
0.4713352,-1.056932 1.0569336,-1.056932 z

