M11.531191,2.3064051 c -1.150938,1e-5 -2.0839962,0.90864 -2.0839962,2.02951
0,1.12088 0.9330722,2.02951 2.0839962,2.02951 1.15091,0 2.08399,-0.90864
2.08399,-2.02951 0,-1.12087 -0.933067,-2.02951 -2.08399,-2.02951 z
m 3.91679,3.58914 c -1.27883,4e-5 -2.3154,1.00985 -2.3154,2.2552598
0,1.24541 1.03659,2.2552501 2.3154,2.2552501 1.27877,0 2.31539,-1.0098401
2.31539,-2.2552501 0,-1.2454098 -1.03659,-2.2552598 -2.31539,-2.2552598 z
m -7.9871328,0.57815 c -1.035842,4e-5 -1.875947,0.81833 -1.875947,1.8271198
0,1.00878 0.840119,1.8264201 1.875947,1.8264201 1.0358295,0 1.8752365,-0.8176401
1.8752365,-1.8264201 0,-1.0087898 -0.839407,-1.8271198 -1.8752365,-1.8271198 z M
19.427021,9.5200749 c -1.42092,4e-5 -2.57297,1.1219601 -2.57297,2.5057601 0,1.38379
1.15208,2.50574 2.57297,2.50574 1.42088,0 2.57298,-1.12196 2.57298,-2.50574
0,-1.3838 -1.1521,-2.5057601 -2.57298,-2.5057601 z m -8.04939,0.5654001 c
-1.150938,4e-5 -2.0839963,0.90863 -2.0839963,2.02951 0,1.12087 0.9330713,2.02951
2.0839963,2.02951 1.150909,0 2.08399,-0.90864 2.08399,-2.02951 0,-1.12088
-0.933067,-2.02951 -2.08399,-2.02951 z m -7.6899167,0.24556 c -0.93225,3e-5
-1.6877151,0.73594 -1.6877151,1.64385 0,0.90791 0.7554791,1.64384 1.6877151,1.64384
0.9322499,0 1.6884269,-0.73595 1.6884269,-1.64384 0,-0.90791 -0.756177,-1.64385
-1.6884269,-1.64385 z m 11.6689767,3.40445 c -1.27882,10e-6 -2.315406,1.00911
-2.315406,2.25453 0,1.24542 1.036616,2.25525 2.315406,2.25525 1.2788,0
2.31541,-1.00983 2.31539,-2.25525 0,-1.24541 -1.03659,-2.25453 -2.31539,-2.25453 z m
-7.7514838,0.22715 c -1.035843,10e-6 -1.875948,0.81763 -1.875948,1.82643 0,1.00878
0.84012,1.82713 1.875948,1.82713 1.0358296,0 1.8752365,-0.81837 1.8752365,-1.82713
0,-1.0088 -0.8394069,-1.82643 -1.8752365,-1.82643 z m 3.9783478,3.67194 c
-1.150937,10e-6 -2.0832962,0.90864 -2.0832962,2.02951 0,1.12088 0.9323862,2.02951
2.0832962,2.02951 1.150924,0 2.083996,-0.90865 2.083996,-2.02951 -10e-6,-1.12088
-0.933072,-2.02951 -2.083996,-2.02951 z

