M12.25 3.7324219 C 10.721876 3.7380519 9.1763575 3.9921974 7.9511719 4.9414062
C 6.45933 6.0461623 6.4125327 8.6506145 8.03125 9.6640625 C 9.7795852 10.798236
11.944937 10.687077 13.888672 11.232422 C 14.758934 11.448455 15.694006 12.079919
15.691406 13.072266 C 15.802601 14.093954 14.920529 14.889446 14 15.121094 C
11.627631 15.764631 9.0900841 15.202314 6.890625 14.220703 L 6.890625 15.972656 C
8.3766031 16.406344 9.9089181 16.711705 11.458984 16.765625 C 13.26531 16.786845
15.231977 16.688075 16.740234 15.580078 C 18.356227 14.395536 18.317858 11.614689
16.634766 10.505859 C 14.836151 9.2522428 12.545189 9.3807549 10.505859 8.8261719 C
9.7875753 8.6750649 9.0125885 8.1962285 8.9804688 7.3847656 C 8.8328488 6.4522552
9.5806366 5.6521779 10.433594 5.4140625 C 12.58995 4.7556102 14.915315 5.2457053
16.970703 6.0292969 L 16.970703 4.3710938 C 15.918718 4.0914727 14.844574 3.8885765
13.759766 3.7929688 C 13.267238 3.756168 12.759375 3.730545 12.25 3.7324219 z M
4 15.941406 L 4 20.207031 L 20 20.207031 L 20 19.476562 L 4.7304688 19.476562 L
4.7304688 15.941406 L 4 15.941406 z
