M15.049588,9.6893335 c 0.889779,0.5962095 1.737582,1.1403995 2.380165,1.7852195
0.870259,0.87311 1.31501,2.04959 1.190082,3.27272 1.166033,-0.5859 1.936897,-1.56285
2.380165,-2.38023 -0.775251,-0.71379 -2.121328,-1.42023 -3.570247,-1.93399
-0.79893,-0.28328 -1.640075,-0.5401995 -2.380165,-0.7437195 z M 8.5041326,2.8464233
c -0.967158,3.947 -3.751371,8.8038997 -5.504133,11.9008497 l 1.549283,0.37094
c 0.977508,0.13995 2.181289,0.27765 3.350012,0.3989 2.1436574,0.22309
3.8539104,0.39393 4.1750864,0.41996 C 12.028501,15.340853 11.587319,8.8560635
11.479338,7.6064035 10.39737,5.6461733 9.5198714,4.6331833 8.5041326,2.8462333 Z
M 12.22314,7.9043735 c 1.433829,2.9536095 1.435128,5.8757795 0.595042,8.0328795
1.182908,0 3.11321,0.13995 5.206612,-0.89251 C 16.304188,11.115953
12.22314,7.9043735 12.22314,7.9043735 Z m 1.344536,9.4108225 c -3.256853,0.260481
-6.5394313,-0.05121 -9.7651429,-0.494544 1.9246509,2.785682 5.4680922,4.34503
8.8550999,3.901299 3.264712,-0.359889 6.239927,-2.55497 7.566392,-5.555987
-2.00104,1.245063 -4.317919,1.934175 -6.656388,2.149881 z

