M10.667635,21.323542 c 1.195841,-1.267353 1.839559,-2.942708 3.051232,-4.192273
0.81958,-1.155809 1.392844,-2.78461 0.702122,-4.13288 -0.123269,-0.505054
-1.536396,-0.986132 -0.331778,-0.865395 1.5064,0.217343 2.376224,1.912385
2.329262,3.32031 -0.185793,2.332566 -2.055845,4.106407 -4.005544,5.167008
-0.495026,0.220724 -1.649601,0.986307 -1.840704,0.807816 l 0.09541,-0.104614 z m
7.500189,-1.863944 c -0.111153,-1.493055 -0.60661,-2.913462 -1.058836,-4.326011
-0.02915,-1.688679 -1.060077,-3.441037 -2.761874,-3.884781 -0.606304,-0.272944
-1.479408,-0.01743 -1.933412,-0.0071 0.42525,-1.12242 1.891966,-1.106147
2.869781,-0.866575 2.085463,0.495718 3.668019,2.41548 3.835727,4.541996
0.160697,1.715119 -0.218422,3.460302 -0.904961,5.02941 -0.01547,-0.162309
-0.03095,-0.324618 -0.04642,-0.486927 z M 7.3018067,18.520933 C 5.6866317,18.381241
4.1072639,17.990812 2.5476744,17.564955 3.8814603,17.338907 5.17581,16.937253
6.4447961,16.473796 c 1.8726234,0.405843 4.0254359,0.503526 5.6540879,-0.676032
0.880337,-0.323579 0.960399,-1.779587 1.456362,-2.057567 0.881431,0.776972
0.339784,2.198324 -0.3333,2.944333 -1.455628,1.702587 -3.817697,1.977767
-5.9201393,1.836403 z M 7.7346809,16.059234 C 4.8910909,15.574652 2.8953538,13.099039
1.873241,10.554707 1.7383751,10.145357 1.0824408,8.8593291 1.8486093,9.6578682
2.843965,10.406227 3.9425829,11.016371 4.9065465,11.803261 c 0.9326485,2.075846
3.3685906,3.268734 5.5849025,3.013307 0.531592,0.06973 1.423756,-0.642021
1.642719,-0.551672 -0.339391,1.35931 -1.931659,1.83144 -3.1765017,1.841799
-0.4076651,0.0056 -0.8182553,0.0083 -1.2229854,-0.04746 z M 22.393056,14.302963 c
-1.37686,-1.345923 -2.975743,-2.427741 -4.519603,-3.563102 -1.541981,-0.8617499
-3.462671,-1.2876728 -5.17972,-0.735965 -0.720974,0.164186 -1.298552,1.055801
-1.570134,1.478751 -0.502518,-0.905261 0.03399,-1.9785416 0.884327,-2.431719
2.003985,-1.2520957 4.779433,-1.1881912 6.632309,0.3261907 1.681689,1.3271303
2.822691,3.1970713 3.876401,5.0294123 l -0.123642,-0.103566 z m -13.3488648,0.0031
C 6.913831,13.952473 5.0522896,12.011786 5.1102667,9.7932267 4.9708,7.1544321
6.1128428,4.6188898 7.6654741,2.5451383 7.430185,4.5273721 7.2796914,6.5188635
6.9738126,8.4919633 c -0.2224511,1.7677947 0.091981,3.9094237 1.721171,4.9373587
0.587761,0.495551 1.7389294,0.507987 2.2120194,0.672503 -0.590339,0.211982
-1.2407328,0.268895 -1.8628118,0.204238 z M 9.8967538,13.124741 C 7.6175847,12.244082
6.6050652,9.1040261 8.0388633,7.089375 9.6156834,4.6363521 12.533174,3.6475592
15.204934,2.9073068 16.038216,2.7037428 14.462232,3.4910651 14.223527,3.7237026
12.846848,4.6023166 11.688098,5.7553703 10.45487,6.8113061 9.0582929,8.1104163
8.3103885,10.300128 9.2039309,12.080812 c -0.03985,0.306889 1.5170741,1.406594
0.6928229,1.043929 z M 10.121502,12.002409 C 8.9643222,11.01112 9.358856,9.223668
10.088603,8.0936208 10.96346,6.6702056 12.60095,5.9507126 14.220551,5.8333694
c 2.233259,-0.2002602 4.614247,0.08061 6.551508,1.276661 0.749008,0.4178127
0.197742,0.3820194 -0.336518,0.2752354 C 17.559827,7.03611 14.379097,6.8469083
11.798549,8.4042699 10.769942,9.0090046 9.9557578,10.148825 10.186152,11.386925
c -0.05735,0.204834 0.416754,1.09951 -0.06465,0.615484 z
