M5.5330746,5.0075085 c 1.756569,-1.621824 4.0616789,-2.521891 6.4533934,-2.521891
l -0.0046,-0.0028 c 1.770554,0 3.507085,0.494158 5.012716,1.426691
1.505631,0.932532 2.720113,2.266244 3.508565,3.852426 0.790013,1.584706
1.119971,3.3599685 0.955772,5.1227225 -0.1642,1.762753 -0.817903,3.44509
-1.886745,4.857793 -1.068842,1.411225 -2.509518,2.498629 -4.162269,3.136866
-1.651272,0.63665 -3.448185,0.800866 -5.189288,0.473999 C 8.4809741,21.024852
6.8669537,20.21936 5.5595458,19.023542 4.2536844,17.827645 3.3056721,16.292535
2.8239675,14.588549 l 3.6480202,1.508727 c 0.131673,0.655258 0.5018905,1.239252
1.0394179,1.63742 0.5375272,0.398094 1.2036167,0.582441 1.8696658,0.515818
0.6645426,-0.06504 1.2826226,-0.376406 1.7318246,-0.873667 0.447682,-0.495665
0.697074,-1.14009 0.695527,-1.809286 v -0.127027 l 3.235976,-2.309684 h
0.08055 c 0.711019,0 1.405039,-0.209127 1.995135,-0.604147 0.59019,-0.393462
1.051803,-0.954198 1.322886,-1.609452 0.272631,-0.656821 0.34389,-1.3786795
0.206023,-2.0756845 -0.139415,-0.695515 -0.480212,-1.335298 -0.982103,-1.837123
-0.50189,-0.503451 -1.141648,-0.845767 -1.838734,-0.983661 -0.695528,-0.139402
-1.417414,-0.06814 -2.074211,0.204472 -0.65525,0.271101 -1.216015,0.73118
-1.611061,1.321345 -0.395006,0.590188 -0.605682,1.284169 -0.605682,1.995132
v 0.04489 L 9.2678667,12.876793 H 9.1175942 c -0.5406202,0 -1.0688417,0.16267
-1.5165235,0.467798 L 2.5000015,11.237839 C 2.6920783,8.8537925 3.7748788,6.6293725
5.5330478,5.0075485 Z M 7.2959641,16.447258 8.465504,16.929015 c 0.1796912,0.07589
0.3733145,0.11462 0.5700441,0.11462 0.1951834,0.0028 0.3888067,-0.03713
0.568498,-0.111534 0.1812378,-0.07435 0.3454372,-0.184341 0.4848519,-0.322185
0.137868,-0.137895 0.247845,-0.302081 0.323745,-0.481757 0.07436,-0.181237
0.114634,-0.374859 0.114634,-0.570056 0,-0.195157 -0.03716,-0.388825
-0.111531,-0.570034 -0.07591,-0.181238 -0.184344,-0.345447 -0.322213,-0.483302 C
9.9556653,14.365326 9.7914658,14.255349 9.6117746,14.180991 L 8.4019719,13.682184
c 0.3671286,-0.139402 0.7667877,-0.168842 1.1509545,-0.08518 0.3841674,0.08366
0.7342436,0.278842 1.0099806,0.559206 0.275736,0.278841 0.463173,0.633559
0.54062,1.019286 0.0759,0.384141 0.04027,0.783799 -0.105336,1.14782
-0.145613,0.365584 -0.395006,0.678487 -0.717218,0.904642 -0.3206523,0.226155
-0.7017261,0.353184 -1.0936259,0.365585 -0.3934594,0.01397 -0.7807198,-0.0883
-1.1153173,-0.291236 C 7.7358851,17.097833 7.466348,16.801964 7.2959493,16.447219
Z M 17.516661,9.5508935 c 0,-0.472441 -0.139414,-0.935613 -0.402751,-1.329075
-0.263338,-0.393486 -0.636666,-0.700182 -1.073495,-0.879874 -0.43683,-0.181249
-0.918588,-0.229258 -1.381775,-0.136304 -0.464721,0.0914 -0.890711,0.319105
-1.225308,0.653691 -0.334598,0.334598 -0.562313,0.762132 -0.653705,1.225321
-0.09294,0.463161 -0.04492,0.9449325 0.136322,1.3817725 0.181238,0.436845
0.486412,0.81017 0.879858,1.073496 0.39346,0.263337 0.856633,0.402767
1.329085,0.402767 0.635107,0 1.242347,-0.252499 1.691616,-0.700183
0.447682,-0.449212 0.70018,-1.056457 0.70018,-1.6916115 z

