M14.873577,13.848592 c 0.02275,0.536372 -0.775556,0.573364 -0.780961,1.228424
-0.0047,0.569354 -0.116501,1.070284 -0.569589,1.358147 -0.453142,0.28788
-1.03489,-0.01548 -1.547023,0.0063 -0.512149,0.0217 -0.892451,0.365809
-1.368276,0.117354 -0.475879,-0.24847 -0.482514,-0.64597 -0.7574334,-1.078685
C 9.575392,15.047469 9.0432361,14.73187 9.0204993,14.195552 8.9977626,13.659234
9.5315876,13.40285 9.7688711,12.948421 c 0.2372469,-0.45436 0.1716035,-1.151189
0.6246919,-1.439053 0.453142,-0.287879 0.948144,0.06095 1.460346,0.03924
0.512133,-0.02175 1.069906,-0.381002 1.545731,-0.132547 0.475895,0.248492
0.393233,0.884835 0.668136,1.317497 0.274903,0.432661 0.783064,0.578714
0.805801,1.115033 z M 12.006767,2.6898125 C 11.144452,3.5470352 10.479275,4.3132864
10.011112,4.988674 9.1383153,6.2478204 8.840411,7.6399955 8.7796467,8.032493
8.7510242,8.2173776 8.7713564,8.6458635 8.9181911,9.2491185 7.5251258,8.1074028
5.7657069,8.1465838 3.8267183,8.508791 3.212085,8.6236505 2.6031904,8.6617762
1.9999995,8.6232354 c 0.3101807,1.1755885 0.6403417,2.1351356 0.9905857,2.8785636
0.6528965,1.386003 1.7087518,2.341004 2.0180927,2.590077 0.2090668,0.168404
0.9029038,0.500878 2.0198735,0.696877 -0.1245767,0.04126 -0.2417233,0.08541
-0.3514062,0.132609 -1.7145751,0.737756 -2.4638741,2.370551 -2.989921,4.319447
-0.1629286,0.60364 -0.3925065,1.168885 -0.6886849,1.695773 1.1938949,0.229963
2.2017464,0.348311 3.0235182,0.354966 1.5320305,0.01234 2.8502437,-0.525151
3.2088376,-0.695927 0.3585945,-0.170775 1.5004989,-1.14225 2.4626929,-3.15577
0.114498,-0.239611 0.219529,-0.495726 0.31496,-0.768345 0.471568,1.342326
0.970554,2.319372 1.497038,2.931155 1.217522,1.414747 2.999876,1.640538
5.016798,1.558535 0.62475,-0.02544 1.232798,0.02426 1.824225,0.148991
-0.138293,-1.207981 -0.327343,-2.204988 -0.567236,-2.990989 -0.447215,-1.465356
-1.354867,-2.561961 -1.625254,-2.852921 -0.164607,-0.1771 -0.699382,-0.542325
-1.591062,-0.871985 0.517814,-0.05268 0.959746,-0.142382 1.325846,-0.268898
1.764139,-0.609614 2.631586,-2.182811 3.299538,-4.087708 C 21.395313,9.6476674
21.665891,9.1008054 22,8.5971174 20.826236,8.279958 19.829827,8.087778
19.010791,8.02074 17.483803,7.8957252 16.129609,8.334804 15.759453,8.4787552
15.603376,8.5394489 15.298011,8.7318236 14.913941,9.0792327 15.249828,7.2633963
14.326019,5.7353925 13.020503,4.2137996 12.613393,3.7392355 12.275433,3.2312213
12.006767,2.6898125 Z
