M15.022971,12.000001 a 3.0244896,3.0244896 0 0 1 -3.02449,3.024487
3.0244896,3.0244896 0 0 1 -3.0244899,-3.024487 3.0244896,3.0244896 0 0
1 3.0244899,-3.0244918 3.0244896,3.0244896 0 0 1 3.02449,3.0244918 z m
2.51617,7.703524 -2.157796,-2.157796 C 14.363281,18.168495 13.193431,18.499004
12,18.501032 c -3.5904248,6e-6 -6.5010399,-2.910609 -6.5010327,-6.501031
0.00287,-1.193009 0.333974,-2.3622229 0.9570432,-3.3796049 L 4.2941231,6.4585091
C 3.1305954,8.0722462 2.503048,10.010541 2.4999999,12.000001 2.4999999,17.246704
6.753295,21.5 12,21.5 c 1.988911,-0.0042 3.926337,-0.632575 5.539141,-1.796475
z M 12,2.5 C 10.011089,2.5041821 8.0736619,3.1325754 6.4608577,4.2964712 L
8.6186539,6.4542685 C 9.6367171,5.831503 10.806566,5.5009975 12,5.4989661
c 3.590423,-7.1e-6 6.501039,2.9106091 6.501032,6.5010349 -0.0029,1.193008
-0.333976,2.362223 -0.957044,3.379604 l 2.161887,2.161886 C 20.869401,15.92775
21.496951,13.989455 21.5,12.000001 21.5,6.7532962 17.246704,2.5 12,2.5 Z

