M14.975779,5.8693988 c -0.183611,0.019458 -0.970864,4.0652058 -0.593943,4.2484382
0.331383,0.247916 0.908549,-4.0223239 0.606056,-4.2427744 -0.0037,-0.00428
-0.0077,-0.00614 -0.01209,-0.00565 z m 2.841277,0.5440751 c -0.434623,-0.00796
-2.756948,3.6948441 -2.223045,4.0901711 0.331385,0.247916 2.401021,-3.9374157
2.259049,-4.0776045 -0.0099,-0.00823 -0.02197,-0.012303 -0.036,-0.012573 z m
-7.603777,0.2967458 c -0.4175205,0.016823 -0.9849715,0.1621939 -1.1191375,0.8280596
-0.144532,0.7173119 0.06316,1.5383907 0.353515,2.5312517 0.01754,0.0599
-0.01646,0.136575 -0.04714,0.145508 -0.131831,0.03838 -0.357882,-0.0024
-0.401626,-0.09232 C 8.7726485,9.6581697 8.6650715,9.1831069 8.4007805,8.7257806
8.2179705,8.4094452 8.0288975,8.1076105 7.8036465,7.9035134 7.5300395,7.6556036
7.3156025,7.6069173 7.0228505,7.7292317 c -0.369305,0.1542912 -0.592417,0.5241952
-0.668945,0.8559231 -0.07765,0.3366433 -0.04514,0.7252597 0.01562,1.0625017
0.07151,0.3969205 0.16249,0.7101485 0.279428,1.0815735 -0.08922,0.263793
-0.626172,1.711598 -0.75599,2.715301 -0.166652,1.288481 -0.63535,5.187093
3.660417,4.753645 1.5844495,-0.159871 2.8755885,-0.715175 4.0973955,-1.284895
0.559901,-0.261075 1.262285,-0.597883 1.937502,-0.968751 0.675544,-0.371041
1.302246,-0.766525 1.781251,-1.187498 0.479777,-0.421662 0.829254,-0.883556
0.765623,-1.343751 -0.102541,-0.741625 -0.594379,-1.29295 -1.249995,-1.718751
-0.658054,-0.42738 -1.781713,-0.82451 -2.593813,-1.061784 -1.065571,-0.311327
-1.890478,-0.432304 -2.890562,-0.486719 -0.056,-1.0132169 0.07907,-2.3465586
-0.562501,-3.1233067 C 10.689695,6.8428259 10.473086,6.7284561 10.213283,6.7102197
Z M 22,11.999998 A 10.000001,10.000001 0 0 1 12,22.000002 10.000001,10.000001 0 0
1 1.9999995,11.999998 10.000001,10.000001 0 0 1 12,1.9999981 10.000001,10.000001
0 0 1 22,11.999998 Z

